(
CotH1:0.17500,
CotH2:0.05500,
CotH3:0.05500);
